# specify 1 workshop item id per line, ex:
# 494372396
# 441344649
610633999
584829444
789116883
789136347
546895198
610698932
584485539
579105940
539421606
546960020
655639987
675534589
768226993
666692962
568582691
545598325
623407870
596909949
672862028
610684558
2108034412
546209430
787867646
553729235
789096883
789104015
2109702467
2116771807
1581095271
559324052
557452835
2109702467
546129401
620087103
1729517491
660785987
585785188
585784905
701015166
877476886
673213646
1732506111
562739597
2185942920
740534444
607037676
1292877407
575312620
544634523
585892371
1250689005
1610992852
1706158299
573112415
638531198
2358346984
2119912231
2361070698
2361581082
2361624908
2362094690
2362081324
2367236946
2367654585
610685973
582665687
2369115218
2373134546
2367654585
2374170090
2374646287
2379518116
658750477
2388212644
2390176322
2393403518
2396168642
1733859113
2394142985
2371984052
677348774
2419358790
2419328217
676401107
573808557
2360592869
587950516
543197560
1656744930
2371343567
822833735
632422201
2367654198
2480332402
1661746504
2481629213
1825774213
1715888034
2489629969
2499822344
2541472103
564946744
1863153823
1276969806
565175871
569570727
2597241334
2592514624
1093988320
1527267231
572453229
2772639290
2796580012
2790708234
560203097
2801981333
2804284331
2532456759
584964611
2807326718
2807165398
546664071
641499246
838471086